0.575763,0.484142,0.252155,0.967687,0.575763,0.484142,0.252159,0.967686,0.992914,0.958253,0.473406,0.880844
0.459460,0.393241,-0.830672,0.556762,0.575763,0.484142,0.252159,0.967686,0.992914,0.958253,0.473406,0.880844
0.454762,0.557004,-0.442221,0.896906,0.575763,0.484142,0.252159,0.967686,0.992914,0.958253,0.473406,0.880844
0.604842,0.660684,0.993470,0.114093,0.575763,0.484142,0.252159,0.967686,0.992914,0.958253,0.473406,0.880844
0.889412,0.584959,0.920473,0.390806,0.575763,0.484142,0.252159,0.967686,0.992914,0.958253,0.473406,0.880844
0.992914,0.958253,0.473408,0.880843,0.575763,0.484142,0.252159,0.967686,0.992914,0.958253,0.473406,0.880844
0.505347,0.694692,-0.995853,-0.090977,0.505347,0.694692,-0.995853,-0.090980,0.291035,0.040691,-0.641583,-0.767054
0.331153,0.539768,0.071904,-0.997412,0.505347,0.694692,-0.995853,-0.090980,0.291035,0.040691,-0.641583,-0.767054
0.316546,0.157502,-0.700740,-0.713417,0.505347,0.694692,-0.995853,-0.090980,0.291035,0.040691,-0.641583,-0.767054
0.291035,0.040691,-0.641586,-0.767051,0.505347,0.694692,-0.995853,-0.090980,0.291035,0.040691,-0.641583,-0.767054
0.484916,0.275613,-0.976999,0.213243,0.484916,0.275613,-0.976999,0.213242,0.482139,0.913195,-0.749865,0.661590
0.452688,0.575579,0.369059,0.929406,0.484916,0.275613,-0.976999,0.213242,0.482139,0.913195,-0.749865,0.661590
0.496713,0.823209,-0.112187,0.993687,0.484916,0.275613,-0.976999,0.213242,0.482139,0.913195,-0.749865,0.661590
0.161870,0.198097,-0.019682,-0.999806,0.161870,0.198097,-0.019684,-0.999806,0.805389,0.835621,0.590250,0.807220
0.152179,0.156042,-0.144051,-0.989570,0.161870,0.198097,-0.019684,-0.999806,0.805389,0.835621,0.590250,0.807220
0.251542,0.086872,0.976447,0.215759,0.161870,0.198097,-0.019684,-0.999806,0.805389,0.835621,0.590250,0.807220
0.648994,0.129322,0.835258,0.549859,0.161870,0.198097,-0.019684,-0.999806,0.805389,0.835621,0.590250,0.807220
0.825104,0.179597,0.664066,0.747674,0.161870,0.198097,-0.019684,-0.999806,0.805389,0.835621,0.590250,0.807220
0.956918,0.384298,0.418648,0.908148,0.161870,0.198097,-0.019684,-0.999806,0.805389,0.835621,0.590250,0.807220
0.923852,0.957336,-0.313592,0.949558,0.161870,0.198097,-0.019684,-0.999806,0.805389,0.835621,0.590250,0.807220
0.805389,0.835621,0.590250,0.807221,0.161870,0.198097,-0.019684,-0.999806,0.805389,0.835621,0.590250,0.807220
0.385156,0.596737,0.612929,-0.790138,0.385156,0.596737,0.612929,-0.790138,0.969247,0.695597,-0.758491,0.651684
0.506438,0.648959,0.906004,0.423270,0.385156,0.596737,0.612929,-0.790138,0.969247,0.695597,-0.758491,0.651684
0.888928,0.601184,0.881899,0.471438,0.385156,0.596737,0.612929,-0.790138,0.969247,0.695597,-0.758491,0.651684
0.969247,0.695597,-0.758490,0.651684,0.385156,0.596737,0.612929,-0.790138,0.969247,0.695597,-0.758491,0.651684
0.271835,0.069907,0.526804,0.849987,0.271835,0.069907,0.526806,0.849986,0.421214,0.900148,0.521197,0.853437
0.322273,0.566789,0.507048,0.861918,0.271835,0.069907,0.526806,0.849986,0.421214,0.900148,0.521197,0.853437
0.380495,0.679439,-0.113210,0.993571,0.271835,0.069907,0.526806,0.849986,0.421214,0.900148,0.521197,0.853437
0.421214,0.900148,0.521200,0.853435,0.271835,0.069907,0.526806,0.849986,0.421214,0.900148,0.521197,0.853437
0.743704,0.917358,0.993666,-0.112376,0.743704,0.917358,0.993666,-0.112377,0.078406,0.075272,-0.589815,0.807538
0.870302,0.913404,0.989214,-0.146479,0.743704,0.917358,0.993666,-0.112377,0.078406,0.075272,-0.589815,0.807538
0.922695,0.640976,-0.165706,-0.986175,0.743704,0.917358,0.993666,-0.112377,0.078406,0.075272,-0.589815,0.807538
0.822737,0.504230,0.203426,-0.979090,0.743704,0.917358,0.993666,-0.112377,0.078406,0.075272,-0.589815,0.807538
0.805585,0.195971,-0.346206,-0.938159,0.743704,0.917358,0.993666,-0.112377,0.078406,0.075272,-0.589815,0.807538
0.298033,0.074779,-0.947119,-0.320884,0.743704,0.917358,0.993666,-0.112377,0.078406,0.075272,-0.589815,0.807538
0.078406,0.075272,-0.589818,0.807536,0.743704,0.917358,0.993666,-0.112377,0.078406,0.075272,-0.589815,0.807538
0.838971,0.609383,0.995606,0.093636,0.838971,0.609383,0.995606,0.093636,0.225613,0.981397,0.831413,-0.555654
0.858867,0.609692,-0.979588,0.201014,0.838971,0.609383,0.995606,0.093636,0.225613,0.981397,0.831413,-0.555654
0.280536,0.630421,-0.929352,0.369195,0.838971,0.609383,0.995606,0.093636,0.225613,0.981397,0.831413,-0.555654
0.065720,0.726400,0.911796,0.410643,0.838971,0.609383,0.995606,0.093636,0.225613,0.981397,0.831413,-0.555654
0.110583,0.904089,0.297980,0.954572,0.838971,0.609383,0.995606,0.093636,0.225613,0.981397,0.831413,-0.555654
0.225613,0.981397,0.831413,-0.555655,0.838971,0.609383,0.995606,0.093636,0.225613,0.981397,0.831413,-0.555654
0.285004,0.232261,0.291569,-0.956550,0.285004,0.232261,0.291566,-0.956551,0.986871,0.286728,0.981898,-0.189411
0.379964,0.080848,0.350380,-0.936608,0.285004,0.232261,0.291566,-0.956551,0.986871,0.286728,0.981898,-0.189411
0.735900,0.121533,0.853013,0.521889,0.285004,0.232261,0.291566,-0.956551,0.986871,0.286728,0.981898,-0.189411
0.909916,0.302479,0.950561,0.310537,0.285004,0.232261,0.291566,-0.956551,0.986871,0.286728,0.981898,-0.189411
0.590795,0.406523,-0.458657,-0.888613,0.590795,0.406523,-0.458659,-0.888612,0.079982,0.048252,-0.841503,-0.540252
0.472118,0.365868,-0.754632,0.656148,0.590795,0.406523,-0.458659,-0.888612,0.079982,0.048252,-0.841503,-0.540252
0.394202,0.515079,-0.405398,0.914140,0.590795,0.406523,-0.458659,-0.888612,0.079982,0.048252,-0.841503,-0.540252
0.370632,0.157334,0.836146,0.548506,0.590795,0.406523,-0.458659,-0.888612,0.079982,0.048252,-0.841503,-0.540252
0.379915,0.052069,-0.670160,0.742217,0.590795,0.406523,-0.458659,-0.888612,0.079982,0.048252,-0.841503,-0.540252
0.079982,0.048252,-0.841505,-0.540249,0.590795,0.406523,-0.458659,-0.888612,0.079982,0.048252,-0.841503,-0.540252
